720
0 1 16 17 3
1 2 17 18 3
2 3 18 19 3
3 4 19 20 3
4 5 20 21 3
5 6 21 22 3
6 7 22 23 3
7 8 23 24 3
8 9 24 25 3
9 10 25 26 3
10 11 26 27 3
11 12 27 28 3
12 13 28 29 3
13 14 29 30 3
14 15 30 31 3
16 17 32 33 3
17 18 33 34 3
18 19 34 35 3
19 20 35 36 3
20 21 36 37 3
21 22 37 38 3
22 23 38 39 3
23 24 39 40 3
24 25 40 41 3
25 26 41 42 3
26 27 42 43 3
27 28 43 44 3
28 29 44 45 3
29 30 45 46 3
30 31 46 47 3
32 33 48 49 3
33 34 49 50 3
34 35 50 51 3
35 36 51 52 3
36 37 52 53 3
37 38 53 54 3
38 39 54 55 3
39 40 55 56 3
40 41 56 57 3
41 42 57 58 3
42 43 58 59 3
43 44 59 60 3
44 45 60 61 3
45 46 61 62 3
46 47 62 63 3
48 49 64 65 3
49 50 65 66 3
50 51 66 67 3
51 52 67 68 3
52 53 68 69 3
53 54 69 70 3
54 55 70 71 3
55 56 71 72 3
56 57 72 73 3
57 58 73 74 3
58 59 74 75 3
59 60 75 76 3
60 61 76 77 3
61 62 77 78 3
62 63 78 79 3
64 65 80 81 3
65 66 81 82 3
66 67 82 83 3
67 68 83 84 3
68 69 84 85 3
69 70 85 86 3
70 71 86 87 3
71 72 87 88 3
72 73 88 89 3
73 74 89 90 3
74 75 90 91 3
75 76 91 92 3
76 77 92 93 3
77 78 93 94 3
78 79 94 95 3
80 81 96 97 3
81 82 97 98 3
82 83 98 99 3
83 84 99 100 3
84 85 100 101 3
85 86 101 102 3
86 87 102 103 3
87 88 103 104 3
88 89 104 105 3
89 90 105 106 3
90 91 106 107 3
91 92 107 108 3
92 93 108 109 3
93 94 109 110 3
94 95 110 111 3
96 97 112 113 3
97 98 113 114 3
98 99 114 115 3
99 100 115 116 3
100 101 116 117 3
101 102 117 118 3
102 103 118 119 3
103 104 119 120 3
104 105 120 121 3
105 106 121 122 3
106 107 122 123 3
107 108 123 124 3
108 109 124 125 3
109 110 125 126 3
110 111 126 127 3
112 113 128 129 3
113 114 129 130 3
114 115 130 131 3
115 116 131 132 3
116 117 132 133 3
117 118 133 134 3
118 119 134 135 3
119 120 135 136 3
120 121 136 137 3
121 122 137 138 3
122 123 138 139 3
123 124 139 140 3
124 125 140 141 3
125 126 141 142 3
126 127 142 143 3
128 129 144 145 3
129 130 145 146 3
130 131 146 147 3
131 132 147 148 3
132 133 148 149 3
133 134 149 150 3
134 135 150 151 3
135 136 151 152 3
136 137 152 153 3
137 138 153 154 3
138 139 154 155 3
139 140 155 156 3
140 141 156 157 3
141 142 157 158 3
142 143 158 159 3
144 145 160 161 3
145 146 161 162 3
146 147 162 163 3
147 148 163 164 3
148 149 164 165 3
149 150 165 166 3
150 151 166 167 3
151 152 167 168 3
152 153 168 169 3
153 154 169 170 3
154 155 170 171 3
155 156 171 172 3
156 157 172 173 3
157 158 173 174 3
158 159 174 175 3
160 161 176 177 3
161 162 177 178 3
162 163 178 179 3
163 164 179 180 3
164 165 180 181 3
165 166 181 182 3
166 167 182 183 3
167 168 183 184 3
168 169 184 185 3
169 170 185 186 3
170 171 186 187 3
171 172 187 188 3
172 173 188 189 3
173 174 189 190 3
174 175 190 191 3
176 177 192 193 3
177 178 193 194 3
178 179 194 195 3
179 180 195 196 3
180 181 196 197 3
181 182 197 198 3
182 183 198 199 3
183 184 199 200 3
184 185 200 201 3
185 186 201 202 3
186 187 202 203 3
187 188 203 204 3
188 189 204 205 3
189 190 205 206 3
190 191 206 207 3
192 193 208 209 3
193 194 209 210 3
194 195 210 211 3
195 196 211 212 3
196 197 212 213 3
197 198 213 214 3
198 199 214 215 3
199 200 215 216 3
200 201 216 217 3
201 202 217 218 3
202 203 218 219 3
203 204 219 220 3
204 205 220 221 3
205 206 221 222 3
206 207 222 223 3
208 209 224 225 3
209 210 225 226 3
210 211 226 227 3
211 212 227 228 3
212 213 228 229 3
213 214 229 230 3
214 215 230 231 3
215 216 231 232 3
216 217 232 233 3
217 218 233 234 3
218 219 234 235 3
219 220 235 236 3
220 221 236 237 3
221 222 237 238 3
222 223 238 239 3
224 225 240 241 3
225 226 241 242 3
226 227 242 243 3
227 228 243 244 3
228 229 244 245 3
229 230 245 246 3
230 231 246 247 3
231 232 247 248 3
232 233 248 249 3
233 234 249 250 3
234 235 250 251 3
235 236 251 252 3
236 237 252 253 3
237 238 253 254 3
238 239 254 255 3
240 241 256 257 3
241 242 257 258 3
242 243 258 259 3
243 244 259 260 3
244 245 260 261 3
245 246 261 262 3
246 247 262 263 3
247 248 263 264 3
248 249 264 265 3
249 250 265 266 3
250 251 266 267 3
251 252 267 268 3
252 253 268 269 3
253 254 269 270 3
254 255 270 271 3
256 257 272 273 3
257 258 273 274 3
258 259 274 275 3
259 260 275 276 3
260 261 276 277 3
261 262 277 278 3
262 263 278 279 3
263 264 279 280 3
264 265 280 281 3
265 266 281 282 3
266 267 282 283 3
267 268 283 284 3
268 269 284 285 3
269 270 285 286 3
270 271 286 287 3
272 273 288 289 3
273 274 289 290 3
274 275 290 291 3
275 276 291 292 3
276 277 292 293 3
277 278 293 294 3
278 279 294 295 3
279 280 295 296 3
280 281 296 297 3
281 282 297 298 3
282 283 298 299 3
283 284 299 300 3
284 285 300 301 3
285 286 301 302 3
286 287 302 303 3
288 289 304 305 3
289 290 305 306 3
290 291 306 307 3
291 292 307 308 3
292 293 308 309 3
293 294 309 310 3
294 295 310 311 3
295 296 311 312 3
296 297 312 313 3
297 298 313 314 3
298 299 314 315 3
299 300 315 316 3
300 301 316 317 3
301 302 317 318 3
302 303 318 319 3
304 305 320 321 3
305 306 321 322 3
306 307 322 323 3
307 308 323 324 3
308 309 324 325 3
309 310 325 326 3
310 311 326 327 3
311 312 327 328 3
312 313 328 329 3
313 314 329 330 3
314 315 330 331 3
315 316 331 332 3
316 317 332 333 3
317 318 333 334 3
318 319 334 335 3
320 321 336 337 3
321 322 337 338 3
322 323 338 339 3
323 324 339 340 3
324 325 340 341 3
325 326 341 342 3
326 327 342 343 3
327 328 343 344 3
328 329 344 345 3
329 330 345 346 3
330 331 346 347 3
331 332 347 348 3
332 333 348 349 3
333 334 349 350 3
334 335 350 351 3
336 337 352 353 3
337 338 353 354 3
338 339 354 355 3
339 340 355 356 3
340 341 356 357 3
341 342 357 358 3
342 343 358 359 3
343 344 359 360 3
344 345 360 361 3
345 346 361 362 3
346 347 362 363 3
347 348 363 364 3
348 349 364 365 3
349 350 365 366 3
350 351 366 367 3
352 353 368 369 3
353 354 369 370 3
354 355 370 371 3
355 356 371 372 3
356 357 372 373 3
357 358 373 374 3
358 359 374 375 3
359 360 375 376 3
360 361 376 377 3
361 362 377 378 3
362 363 378 379 3
363 364 379 380 3
364 365 380 381 3
365 366 381 382 3
366 367 382 383 3
368 369 384 385 3
369 370 385 386 3
370 371 386 387 3
371 372 387 388 3
372 373 388 389 3
373 374 389 390 3
374 375 390 391 3
375 376 391 392 3
376 377 392 393 3
377 378 393 394 3
378 379 394 395 3
379 380 395 396 3
380 381 396 397 3
381 382 397 398 3
382 383 398 399 3
384 385 400 401 3
385 386 401 402 3
386 387 402 403 3
387 388 403 404 3
388 389 404 405 3
389 390 405 406 3
390 391 406 407 3
391 392 407 408 3
392 393 408 409 3
393 394 409 410 3
394 395 410 411 3
395 396 411 412 3
396 397 412 413 3
397 398 413 414 3
398 399 414 415 3
400 401 416 417 3
401 402 417 418 3
402 403 418 419 3
403 404 419 420 3
404 405 420 421 3
405 406 421 422 3
406 407 422 423 3
407 408 423 424 3
408 409 424 425 3
409 410 425 426 3
410 411 426 427 3
411 412 427 428 3
412 413 428 429 3
413 414 429 430 3
414 415 430 431 3
416 417 432 433 3
417 418 433 434 3
418 419 434 435 3
419 420 435 436 3
420 421 436 437 3
421 422 437 438 3
422 423 438 439 3
423 424 439 440 3
424 425 440 441 3
425 426 441 442 3
426 427 442 443 3
427 428 443 444 3
428 429 444 445 3
429 430 445 446 3
430 431 446 447 3
432 433 448 449 3
433 434 449 450 3
434 435 450 451 3
435 436 451 452 3
436 437 452 453 3
437 438 453 454 3
438 439 454 455 3
439 440 455 456 3
440 441 456 457 3
441 442 457 458 3
442 443 458 459 3
443 444 459 460 3
444 445 460 461 3
445 446 461 462 3
446 447 462 463 3
448 449 464 465 3
449 450 465 466 3
450 451 466 467 3
451 452 467 468 3
452 453 468 469 3
453 454 469 470 3
454 455 470 471 3
455 456 471 472 3
456 457 472 473 3
457 458 473 474 3
458 459 474 475 3
459 460 475 476 3
460 461 476 477 3
461 462 477 478 3
462 463 478 479 3
464 465 480 481 3
465 466 481 482 3
466 467 482 483 3
467 468 483 484 3
468 469 484 485 3
469 470 485 486 3
470 471 486 487 3
471 472 487 488 3
472 473 488 489 3
473 474 489 490 3
474 475 490 491 3
475 476 491 492 3
476 477 492 493 3
477 478 493 494 3
478 479 494 495 3
480 481 496 497 3
481 482 497 498 3
482 483 498 499 3
483 484 499 500 3
484 485 500 501 3
485 486 501 502 3
486 487 502 503 3
487 488 503 504 3
488 489 504 505 3
489 490 505 506 3
490 491 506 507 3
491 492 507 508 3
492 493 508 509 3
493 494 509 510 3
494 495 510 511 3
496 497 512 513 3
497 498 513 514 3
498 499 514 515 3
499 500 515 516 3
500 501 516 517 3
501 502 517 518 3
502 503 518 519 3
503 504 519 520 3
504 505 520 521 3
505 506 521 522 3
506 507 522 523 3
507 508 523 524 3
508 509 524 525 3
509 510 525 526 3
510 511 526 527 3
512 513 528 529 3
513 514 529 530 3
514 515 530 531 3
515 516 531 532 3
516 517 532 533 3
517 518 533 534 3
518 519 534 535 3
519 520 535 536 3
520 521 536 537 3
521 522 537 538 3
522 523 538 539 3
523 524 539 540 3
524 525 540 541 3
525 526 541 542 3
526 527 542 543 3
528 529 544 545 3
529 530 545 546 3
530 531 546 547 3
531 532 547 548 3
532 533 548 549 3
533 534 549 550 3
534 535 550 551 3
535 536 551 552 3
536 537 552 553 3
537 538 553 554 3
538 539 554 555 3
539 540 555 556 3
540 541 556 557 3
541 542 557 558 3
542 543 558 559 3
544 545 560 561 3
545 546 561 562 3
546 547 562 563 3
547 548 563 564 3
548 549 564 565 3
549 550 565 566 3
550 551 566 567 3
551 552 567 568 3
552 553 568 569 3
553 554 569 570 3
554 555 570 571 3
555 556 571 572 3
556 557 572 573 3
557 558 573 574 3
558 559 574 575 3
560 561 576 577 3
561 562 577 578 3
562 563 578 579 3
563 564 579 580 3
564 565 580 581 3
565 566 581 582 3
566 567 582 583 3
567 568 583 584 3
568 569 584 585 3
569 570 585 586 3
570 571 586 587 3
571 572 587 588 3
572 573 588 589 3
573 574 589 590 3
574 575 590 591 3
576 577 592 593 3
577 578 593 594 3
578 579 594 595 3
579 580 595 596 3
580 581 596 597 3
581 582 597 598 3
582 583 598 599 3
583 584 599 600 3
584 585 600 601 3
585 586 601 602 3
586 587 602 603 3
587 588 603 604 3
588 589 604 605 3
589 590 605 606 3
590 591 606 607 3
592 593 608 609 3
593 594 609 610 3
594 595 610 611 3
595 596 611 612 3
596 597 612 613 3
597 598 613 614 3
598 599 614 615 3
599 600 615 616 3
600 601 616 617 3
601 602 617 618 3
602 603 618 619 3
603 604 619 620 3
604 605 620 621 3
605 606 621 622 3
606 607 622 623 3
608 609 624 625 3
609 610 625 626 3
610 611 626 627 3
611 612 627 628 3
612 613 628 629 3
613 614 629 630 3
614 615 630 631 3
615 616 631 632 3
616 617 632 633 3
617 618 633 634 3
618 619 634 635 3
619 620 635 636 3
620 621 636 637 3
621 622 637 638 3
622 623 638 639 3
624 625 640 641 3
625 626 641 642 3
626 627 642 643 3
627 628 643 644 3
628 629 644 645 3
629 630 645 646 3
630 631 646 647 3
631 632 647 648 3
632 633 648 649 3
633 634 649 650 3
634 635 650 651 3
635 636 651 652 3
636 637 652 653 3
637 638 653 654 3
638 639 654 655 3
640 641 656 657 3
641 642 657 658 3
642 643 658 659 3
643 644 659 660 3
644 645 660 661 3
645 646 661 662 3
646 647 662 663 3
647 648 663 664 3
648 649 664 665 3
649 650 665 666 3
650 651 666 667 3
651 652 667 668 3
652 653 668 669 3
653 654 669 670 3
654 655 670 671 3
656 657 672 673 3
657 658 673 674 3
658 659 674 675 3
659 660 675 676 3
660 661 676 677 3
661 662 677 678 3
662 663 678 679 3
663 664 679 680 3
664 665 680 681 3
665 666 681 682 3
666 667 682 683 3
667 668 683 684 3
668 669 684 685 3
669 670 685 686 3
670 671 686 687 3
672 673 688 689 3
673 674 689 690 3
674 675 690 691 3
675 676 691 692 3
676 677 692 693 3
677 678 693 694 3
678 679 694 695 3
679 680 695 696 3
680 681 696 697 3
681 682 697 698 3
682 683 698 699 3
683 684 699 700 3
684 685 700 701 3
685 686 701 702 3
686 687 702 703 3
688 689 704 705 3
689 690 705 706 3
690 691 706 707 3
691 692 707 708 3
692 693 708 709 3
693 694 709 710 3
694 695 710 711 3
695 696 711 712 3
696 697 712 713 3
697 698 713 714 3
698 699 714 715 3
699 700 715 716 3
700 701 716 717 3
701 702 717 718 3
702 703 718 719 3
704 705 720 721 3
705 706 721 722 3
706 707 722 723 3
707 708 723 724 3
708 709 724 725 3
709 710 725 726 3
710 711 726 727 3
711 712 727 728 3
712 713 728 729 3
713 714 729 730 3
714 715 730 731 3
715 716 731 732 3
716 717 732 733 3
717 718 733 734 3
718 719 734 735 3
720 721 736 737 3
721 722 737 738 3
722 723 738 739 3
723 724 739 740 3
724 725 740 741 3
725 726 741 742 3
726 727 742 743 3
727 728 743 744 3
728 729 744 745 3
729 730 745 746 3
730 731 746 747 3
731 732 747 748 3
732 733 748 749 3
733 734 749 750 3
734 735 750 751 3
736 737 752 753 3
737 738 753 754 3
738 739 754 755 3
739 740 755 756 3
740 741 756 757 3
741 742 757 758 3
742 743 758 759 3
743 744 759 760 3
744 745 760 761 3
745 746 761 762 3
746 747 762 763 3
747 748 763 764 3
748 749 764 765 3
749 750 765 766 3
750 751 766 767 3
752 753 768 769 3
753 754 769 770 3
754 755 770 771 3
755 756 771 772 3
756 757 772 773 3
757 758 773 774 3
758 759 774 775 3
759 760 775 776 3
760 761 776 777 3
761 762 777 778 3
762 763 778 779 3
763 764 779 780 3
764 765 780 781 3
765 766 781 782 3
766 767 782 783 3
