784
0.0001 -1000
1.0001 -1000
2.5000999999999998 -1000
4.7501 -1000
8.1251 -1000
13.1876 -1000
20.78135 -1000
32.171975 -1000
49.2579125 -1000
74.88681875 -1000
113.330178125 -1000
170.9952171875 -1000
257.49277578125 -1000
387.239113671875 -1000
581.8586205078125 -1000
1000 -1000
0.0001 -810
1.0001 -810
2.5000999999999998 -810
4.7501 -810
8.1251 -810
13.1876 -810
20.78135 -810
32.171975 -810
49.2579125 -810
74.88681875 -810
113.330178125 -810
170.9952171875 -810
257.49277578125 -810
387.239113671875 -810
581.8586205078125 -810
1000 -810
0.0001 -660
1.0001 -660
2.5000999999999998 -660
4.7501 -660
8.1251 -660
13.1876 -660
20.78135 -660
32.171975 -660
49.2579125 -660
74.88681875 -660
113.330178125 -660
170.9952171875 -660
257.49277578125 -660
387.239113671875 -660
581.8586205078125 -660
1000 -660
0.0001 -600
1.0001 -600
2.5000999999999998 -600
4.7501 -600
8.1251 -600
13.1876 -600
20.78135 -600
32.171975 -600
49.2579125 -600
74.88681875 -600
113.330178125 -600
170.9952171875 -600
257.49277578125 -600
387.239113671875 -600
581.8586205078125 -600
1000 -600
0.0001 -539.23
1.0001 -539.23
2.5000999999999998 -539.23
4.7501 -539.23
8.1251 -539.23
13.1876 -539.23
20.78135 -539.23
32.171975 -539.23
49.2579125 -539.23
74.88681875 -539.23
113.330178125 -539.23
170.9952171875 -539.23
257.49277578125 -539.23
387.239113671875 -539.23
581.8586205078125 -539.23
1000 -539.23
0.0001 -499.3
1.0001 -499.3
2.5000999999999998 -499.3
4.7501 -499.3
8.1251 -499.3
13.1876 -499.3
20.78135 -499.3
32.171975 -499.3
49.2579125 -499.3
74.88681875 -499.3
113.330178125 -499.3
170.9952171875 -499.3
257.49277578125 -499.3
387.239113671875 -499.3
581.8586205078125 -499.3
1000 -499.3
0.0001 -463
1.0001 -463
2.5000999999999998 -463
4.7501 -463
8.1251 -463
13.1876 -463
20.78135 -463
32.171975 -463
49.2579125 -463
74.88681875 -463
113.330178125 -463
170.9952171875 -463
257.49277578125 -463
387.239113671875 -463
581.8586205078125 -463
1000 -463
0.0001 -430
1.0001 -430
2.5000999999999998 -430
4.7501 -430
8.1251 -430
13.1876 -430
20.78135 -430
32.171975 -430
49.2579125 -430
74.88681875 -430
113.330178125 -430
170.9952171875 -430
257.49277578125 -430
387.239113671875 -430
581.8586205078125 -430
1000 -430
0.0001 -400
1.0001 -400
2.5000999999999998 -400
4.7501 -400
8.1251 -400
13.1876 -400
20.78135 -400
32.171975 -400
49.2579125 -400
74.88681875 -400
113.330178125 -400
170.9952171875 -400
257.49277578125 -400
387.239113671875 -400
581.8586205078125 -400
1000 -400
0.0001 -370.76907800000004
1.0001 -370.76907800000004
2.5000999999999998 -370.76907800000004
4.7501 -370.76907800000004
8.1251 -370.76907800000004
13.1876 -370.76907800000004
20.78135 -370.76907800000004
32.171975 -370.76907800000004
49.2579125 -370.76907800000004
74.88681875 -370.76907800000004
113.330178125 -370.76907800000004
170.9952171875 -370.76907800000004
257.49277578125 -370.76907800000004
387.239113671875 -370.76907800000004
581.8586205078125 -370.76907800000004
1000 -370.76907800000004
0.0001 -338.88098
1.0001 -338.88098
2.5000999999999998 -338.88098
4.7501 -338.88098
8.1251 -338.88098
13.1876 -338.88098
20.78135 -338.88098
32.171975 -338.88098
49.2579125 -338.88098
74.88681875 -338.88098
113.330178125 -338.88098
170.9952171875 -338.88098
257.49277578125 -338.88098
387.239113671875 -338.88098
581.8586205078125 -338.88098
1000 -338.88098
0.0001 -309.89180000000005
1.0001 -309.89180000000005
2.5000999999999998 -309.89180000000005
4.7501 -309.89180000000005
8.1251 -309.89180000000005
13.1876 -309.89180000000005
20.78135 -309.89180000000005
32.171975 -309.89180000000005
49.2579125 -309.89180000000005
74.88681875 -309.89180000000005
113.330178125 -309.89180000000005
170.9952171875 -309.89180000000005
257.49277578125 -309.89180000000005
387.239113671875 -309.89180000000005
581.8586205078125 -309.89180000000005
1000 -309.89180000000005
0.0001 -283.53800000000007
1.0001 -283.53800000000007
2.5000999999999998 -283.53800000000007
4.7501 -283.53800000000007
8.1251 -283.53800000000007
13.1876 -283.53800000000007
20.78135 -283.53800000000007
32.171975 -283.53800000000007
49.2579125 -283.53800000000007
74.88681875 -283.53800000000007
113.330178125 -283.53800000000007
170.9952171875 -283.53800000000007
257.49277578125 -283.53800000000007
387.239113671875 -283.53800000000007
581.8586205078125 -283.53800000000007
1000 -283.53800000000007
0.0001 -259.58000000000004
1.0001 -259.58000000000004
2.5000999999999998 -259.58000000000004
4.7501 -259.58000000000004
8.1251 -259.58000000000004
13.1876 -259.58000000000004
20.78135 -259.58000000000004
32.171975 -259.58000000000004
49.2579125 -259.58000000000004
74.88681875 -259.58000000000004
113.330178125 -259.58000000000004
170.9952171875 -259.58000000000004
257.49277578125 -259.58000000000004
387.239113671875 -259.58000000000004
581.8586205078125 -259.58000000000004
1000 -259.58000000000004
0.0001 -237.8
1.0001 -237.8
2.5000999999999998 -237.8
4.7501 -237.8
8.1251 -237.8
13.1876 -237.8
20.78135 -237.8
32.171975 -237.8
49.2579125 -237.8
74.88681875 -237.8
113.330178125 -237.8
170.9952171875 -237.8
257.49277578125 -237.8
387.239113671875 -237.8
581.8586205078125 -237.8
1000 -237.8
0.0001 -218
1.0001 -218
2.5000999999999998 -218
4.7501 -218
8.1251 -218
13.1876 -218
20.78135 -218
32.171975 -218
49.2579125 -218
74.88681875 -218
113.330178125 -218
170.9952171875 -218
257.49277578125 -218
387.239113671875 -218
581.8586205078125 -218
1000 -218
0.0001 -200
1.0001 -200
2.5000999999999998 -200
4.7501 -200
8.1251 -200
13.1876 -200
20.78135 -200
32.171975 -200
49.2579125 -200
74.88681875 -200
113.330178125 -200
170.9952171875 -200
257.49277578125 -200
387.239113671875 -200
581.8586205078125 -200
1000 -200
0.0001 -181.94342495775078
1.0001 -181.94342495775078
2.5000999999999998 -181.94342495775078
4.7501 -181.94342495775078
8.1251 -181.94342495775078
13.1876 -181.94342495775078
20.78135 -181.94342495775078
32.171975 -181.94342495775078
49.2579125 -181.94342495775078
74.88681875 -181.94342495775078
113.330178125 -181.94342495775078
170.9952171875 -181.94342495775078
257.49277578125 -181.94342495775078
387.239113671875 -181.94342495775078
581.8586205078125 -181.94342495775078
1000 -181.94342495775078
0.0001 -164.49402268886433
1.0001 -164.49402268886433
2.5000999999999998 -164.49402268886433
4.7501 -164.49402268886433
8.1251 -164.49402268886433
13.1876 -164.49402268886433
20.78135 -164.49402268886433
32.171975 -164.49402268886433
49.2579125 -164.49402268886433
74.88681875 -164.49402268886433
113.330178125 -164.49402268886433
170.9952171875 -164.49402268886433
257.49277578125 -164.49402268886433
387.239113671875 -164.49402268886433
581.8586205078125 -164.49402268886433
1000 -164.49402268886433
0.0001 -148.6309297171494
1.0001 -148.6309297171494
2.5000999999999998 -148.6309297171494
4.7501 -148.6309297171494
8.1251 -148.6309297171494
13.1876 -148.6309297171494
20.78135 -148.6309297171494
32.171975 -148.6309297171494
49.2579125 -148.6309297171494
74.88681875 -148.6309297171494
113.330178125 -148.6309297171494
170.9952171875 -148.6309297171494
257.49277578125 -148.6309297171494
387.239113671875 -148.6309297171494
581.8586205078125 -148.6309297171494
1000 -148.6309297171494
0.0001 -134.20993610649944
1.0001 -134.20993610649944
2.5000999999999998 -134.20993610649944
4.7501 -134.20993610649944
8.1251 -134.20993610649944
13.1876 -134.20993610649944
20.78135 -134.20993610649944
32.171975 -134.20993610649944
49.2579125 -134.20993610649944
74.88681875 -134.20993610649944
113.330178125 -134.20993610649944
170.9952171875 -134.20993610649944
257.49277578125 -134.20993610649944
387.239113671875 -134.20993610649944
581.8586205078125 -134.20993610649944
1000 -134.20993610649944
0.0001 -121.09994191499949
1.0001 -121.09994191499949
2.5000999999999998 -121.09994191499949
4.7501 -121.09994191499949
8.1251 -121.09994191499949
13.1876 -121.09994191499949
20.78135 -121.09994191499949
32.171975 -121.09994191499949
49.2579125 -121.09994191499949
74.88681875 -121.09994191499949
113.330178125 -121.09994191499949
170.9952171875 -121.09994191499949
257.49277578125 -121.09994191499949
387.239113671875 -121.09994191499949
581.8586205078125 -121.09994191499949
1000 -121.09994191499949
0.0001 -109.18176537727226
1.0001 -109.18176537727226
2.5000999999999998 -109.18176537727226
4.7501 -109.18176537727226
8.1251 -109.18176537727226
13.1876 -109.18176537727226
20.78135 -109.18176537727226
32.171975 -109.18176537727226
49.2579125 -109.18176537727226
74.88681875 -109.18176537727226
113.330178125 -109.18176537727226
170.9952171875 -109.18176537727226
257.49277578125 -109.18176537727226
387.239113671875 -109.18176537727226
581.8586205078125 -109.18176537727226
1000 -109.18176537727226
0.0001 -98.34705943388387
1.0001 -98.34705943388387
2.5000999999999998 -98.34705943388387
4.7501 -98.34705943388387
8.1251 -98.34705943388387
13.1876 -98.34705943388387
20.78135 -98.34705943388387
32.171975 -98.34705943388387
49.2579125 -98.34705943388387
74.88681875 -98.34705943388387
113.330178125 -98.34705943388387
170.9952171875 -98.34705943388387
257.49277578125 -98.34705943388387
387.239113671875 -98.34705943388387
581.8586205078125 -98.34705943388387
1000 -98.34705943388387
0.0001 -88.49732675807624
1.0001 -88.49732675807624
2.5000999999999998 -88.49732675807624
4.7501 -88.49732675807624
8.1251 -88.49732675807624
13.1876 -88.49732675807624
20.78135 -88.49732675807624
32.171975 -88.49732675807624
49.2579125 -88.49732675807624
74.88681875 -88.49732675807624
113.330178125 -88.49732675807624
170.9952171875 -88.49732675807624
257.49277578125 -88.49732675807624
387.239113671875 -88.49732675807624
581.8586205078125 -88.49732675807624
1000 -88.49732675807624
0.0001 -79.54302432552385
1.0001 -79.54302432552385
2.5000999999999998 -79.54302432552385
4.7501 -79.54302432552385
8.1251 -79.54302432552385
13.1876 -79.54302432552385
20.78135 -79.54302432552385
32.171975 -79.54302432552385
49.2579125 -79.54302432552385
74.88681875 -79.54302432552385
113.330178125 -79.54302432552385
170.9952171875 -79.54302432552385
257.49277578125 -79.54302432552385
387.239113671875 -79.54302432552385
581.8586205078125 -79.54302432552385
1000 -79.54302432552385
0.0001 -71.40274938683986
1.0001 -71.40274938683986
2.5000999999999998 -71.40274938683986
4.7501 -71.40274938683986
8.1251 -71.40274938683986
13.1876 -71.40274938683986
20.78135 -71.40274938683986
32.171975 -71.40274938683986
49.2579125 -71.40274938683986
74.88681875 -71.40274938683986
113.330178125 -71.40274938683986
170.9952171875 -71.40274938683986
257.49277578125 -71.40274938683986
387.239113671875 -71.40274938683986
581.8586205078125 -71.40274938683986
1000 -71.40274938683986
0.0001 -64.00249944258168
1.0001 -64.00249944258168
2.5000999999999998 -64.00249944258168
4.7501 -64.00249944258168
8.1251 -64.00249944258168
13.1876 -64.00249944258168
20.78135 -64.00249944258168
32.171975 -64.00249944258168
49.2579125 -64.00249944258168
74.88681875 -64.00249944258168
113.330178125 -64.00249944258168
170.9952171875 -64.00249944258168
257.49277578125 -64.00249944258168
387.239113671875 -64.00249944258168
581.8586205078125 -64.00249944258168
1000 -64.00249944258168
0.0001 -57.27499949325607
1.0001 -57.27499949325607
2.5000999999999998 -57.27499949325607
4.7501 -57.27499949325607
8.1251 -57.27499949325607
13.1876 -57.27499949325607
20.78135 -57.27499949325607
32.171975 -57.27499949325607
49.2579125 -57.27499949325607
74.88681875 -57.27499949325607
113.330178125 -57.27499949325607
170.9952171875 -57.27499949325607
257.49277578125 -57.27499949325607
387.239113671875 -57.27499949325607
581.8586205078125 -57.27499949325607
1000 -57.27499949325607
0.0001 -51.1590904484146
1.0001 -51.1590904484146
2.5000999999999998 -51.1590904484146
4.7501 -51.1590904484146
8.1251 -51.1590904484146
13.1876 -51.1590904484146
20.78135 -51.1590904484146
32.171975 -51.1590904484146
49.2579125 -51.1590904484146
74.88681875 -51.1590904484146
113.330178125 -51.1590904484146
170.9952171875 -51.1590904484146
257.49277578125 -51.1590904484146
387.239113671875 -51.1590904484146
581.8586205078125 -51.1590904484146
1000 -51.1590904484146
0.0001 -45.59917313492236
1.0001 -45.59917313492236
2.5000999999999998 -45.59917313492236
4.7501 -45.59917313492236
8.1251 -45.59917313492236
13.1876 -45.59917313492236
20.78135 -45.59917313492236
32.171975 -45.59917313492236
49.2579125 -45.59917313492236
74.88681875 -45.59917313492236
113.330178125 -45.59917313492236
170.9952171875 -45.59917313492236
257.49277578125 -45.59917313492236
387.239113671875 -45.59917313492236
581.8586205078125 -45.59917313492236
1000 -45.59917313492236
0.0001 -40.544702849929415
1.0001 -40.544702849929415
2.5000999999999998 -40.544702849929415
4.7501 -40.544702849929415
8.1251 -40.544702849929415
13.1876 -40.544702849929415
20.78135 -40.544702849929415
32.171975 -40.544702849929415
49.2579125 -40.544702849929415
74.88681875 -40.544702849929415
113.330178125 -40.544702849929415
170.9952171875 -40.544702849929415
257.49277578125 -40.544702849929415
387.239113671875 -40.544702849929415
581.8586205078125 -40.544702849929415
1000 -40.544702849929415
0.0001 -35.949729863572195
1.0001 -35.949729863572195
2.5000999999999998 -35.949729863572195
4.7501 -35.949729863572195
8.1251 -35.949729863572195
13.1876 -35.949729863572195
20.78135 -35.949729863572195
32.171975 -35.949729863572195
49.2579125 -35.949729863572195
74.88681875 -35.949729863572195
113.330178125 -35.949729863572195
170.9952171875 -35.949729863572195
257.49277578125 -35.949729863572195
387.239113671875 -35.949729863572195
581.8586205078125 -35.949729863572195
1000 -35.949729863572195
0.0001 -31.772481694156536
1.0001 -31.772481694156536
2.5000999999999998 -31.772481694156536
4.7501 -31.772481694156536
8.1251 -31.772481694156536
13.1876 -31.772481694156536
20.78135 -31.772481694156536
32.171975 -31.772481694156536
49.2579125 -31.772481694156536
74.88681875 -31.772481694156536
113.330178125 -31.772481694156536
170.9952171875 -31.772481694156536
257.49277578125 -31.772481694156536
387.239113671875 -31.772481694156536
581.8586205078125 -31.772481694156536
1000 -31.772481694156536
0.0001 -27.97498335832412
1.0001 -27.97498335832412
2.5000999999999998 -27.97498335832412
4.7501 -27.97498335832412
8.1251 -27.97498335832412
13.1876 -27.97498335832412
20.78135 -27.97498335832412
32.171975 -27.97498335832412
49.2579125 -27.97498335832412
74.88681875 -27.97498335832412
113.330178125 -27.97498335832412
170.9952171875 -27.97498335832412
257.49277578125 -27.97498335832412
387.239113671875 -27.97498335832412
581.8586205078125 -27.97498335832412
1000 -27.97498335832412
0.0001 -24.522712143931017
1.0001 -24.522712143931017
2.5000999999999998 -24.522712143931017
4.7501 -24.522712143931017
8.1251 -24.522712143931017
13.1876 -24.522712143931017
20.78135 -24.522712143931017
32.171975 -24.522712143931017
49.2579125 -24.522712143931017
74.88681875 -24.522712143931017
113.330178125 -24.522712143931017
170.9952171875 -24.522712143931017
257.49277578125 -24.522712143931017
387.239113671875 -24.522712143931017
581.8586205078125 -24.522712143931017
1000 -24.522712143931017
0.0001 -21.384283767210015
1.0001 -21.384283767210015
2.5000999999999998 -21.384283767210015
4.7501 -21.384283767210015
8.1251 -21.384283767210015
13.1876 -21.384283767210015
20.78135 -21.384283767210015
32.171975 -21.384283767210015
49.2579125 -21.384283767210015
74.88681875 -21.384283767210015
113.330178125 -21.384283767210015
170.9952171875 -21.384283767210015
257.49277578125 -21.384283767210015
387.239113671875 -21.384283767210015
581.8586205078125 -21.384283767210015
1000 -21.384283767210015
0.0001 -18.53116706110001
1.0001 -18.53116706110001
2.5000999999999998 -18.53116706110001
4.7501 -18.53116706110001
8.1251 -18.53116706110001
13.1876 -18.53116706110001
20.78135 -18.53116706110001
32.171975 -18.53116706110001
49.2579125 -18.53116706110001
74.88681875 -18.53116706110001
113.330178125 -18.53116706110001
170.9952171875 -18.53116706110001
257.49277578125 -18.53116706110001
387.239113671875 -18.53116706110001
581.8586205078125 -18.53116706110001
1000 -18.53116706110001
0.0001 -15.937424601000009
1.0001 -15.937424601000009
2.5000999999999998 -15.937424601000009
4.7501 -15.937424601000009
8.1251 -15.937424601000009
13.1876 -15.937424601000009
20.78135 -15.937424601000009
32.171975 -15.937424601000009
49.2579125 -15.937424601000009
74.88681875 -15.937424601000009
113.330178125 -15.937424601000009
170.9952171875 -15.937424601000009
257.49277578125 -15.937424601000009
387.239113671875 -15.937424601000009
581.8586205078125 -15.937424601000009
1000 -15.937424601000009
0.0001 -13.579476910000007
1.0001 -13.579476910000007
2.5000999999999998 -13.579476910000007
4.7501 -13.579476910000007
8.1251 -13.579476910000007
13.1876 -13.579476910000007
20.78135 -13.579476910000007
32.171975 -13.579476910000007
49.2579125 -13.579476910000007
74.88681875 -13.579476910000007
113.330178125 -13.579476910000007
170.9952171875 -13.579476910000007
257.49277578125 -13.579476910000007
387.239113671875 -13.579476910000007
581.8586205078125 -13.579476910000007
1000 -13.579476910000007
0.0001 -11.435888100000005
1.0001 -11.435888100000005
2.5000999999999998 -11.435888100000005
4.7501 -11.435888100000005
8.1251 -11.435888100000005
13.1876 -11.435888100000005
20.78135 -11.435888100000005
32.171975 -11.435888100000005
49.2579125 -11.435888100000005
74.88681875 -11.435888100000005
113.330178125 -11.435888100000005
170.9952171875 -11.435888100000005
257.49277578125 -11.435888100000005
387.239113671875 -11.435888100000005
581.8586205078125 -11.435888100000005
1000 -11.435888100000005
0.0001 -9.487171000000004
1.0001 -9.487171000000004
2.5000999999999998 -9.487171000000004
4.7501 -9.487171000000004
8.1251 -9.487171000000004
13.1876 -9.487171000000004
20.78135 -9.487171000000004
32.171975 -9.487171000000004
49.2579125 -9.487171000000004
74.88681875 -9.487171000000004
113.330178125 -9.487171000000004
170.9952171875 -9.487171000000004
257.49277578125 -9.487171000000004
387.239113671875 -9.487171000000004
581.8586205078125 -9.487171000000004
1000 -9.487171000000004
0.0001 -7.7156100000000025
1.0001 -7.7156100000000025
2.5000999999999998 -7.7156100000000025
4.7501 -7.7156100000000025
8.1251 -7.7156100000000025
13.1876 -7.7156100000000025
20.78135 -7.7156100000000025
32.171975 -7.7156100000000025
49.2579125 -7.7156100000000025
74.88681875 -7.7156100000000025
113.330178125 -7.7156100000000025
170.9952171875 -7.7156100000000025
257.49277578125 -7.7156100000000025
387.239113671875 -7.7156100000000025
581.8586205078125 -7.7156100000000025
1000 -7.7156100000000025
0.0001 -6.105100000000002
1.0001 -6.105100000000002
2.5000999999999998 -6.105100000000002
4.7501 -6.105100000000002
8.1251 -6.105100000000002
13.1876 -6.105100000000002
20.78135 -6.105100000000002
32.171975 -6.105100000000002
49.2579125 -6.105100000000002
74.88681875 -6.105100000000002
113.330178125 -6.105100000000002
170.9952171875 -6.105100000000002
257.49277578125 -6.105100000000002
387.239113671875 -6.105100000000002
581.8586205078125 -6.105100000000002
1000 -6.105100000000002
0.0001 -4.641000000000001
1.0001 -4.641000000000001
2.5000999999999998 -4.641000000000001
4.7501 -4.641000000000001
8.1251 -4.641000000000001
13.1876 -4.641000000000001
20.78135 -4.641000000000001
32.171975 -4.641000000000001
49.2579125 -4.641000000000001
74.88681875 -4.641000000000001
113.330178125 -4.641000000000001
170.9952171875 -4.641000000000001
257.49277578125 -4.641000000000001
387.239113671875 -4.641000000000001
581.8586205078125 -4.641000000000001
1000 -4.641000000000001
0.0001 -3.3100000000000005
1.0001 -3.3100000000000005
2.5000999999999998 -3.3100000000000005
4.7501 -3.3100000000000005
8.1251 -3.3100000000000005
13.1876 -3.3100000000000005
20.78135 -3.3100000000000005
32.171975 -3.3100000000000005
49.2579125 -3.3100000000000005
74.88681875 -3.3100000000000005
113.330178125 -3.3100000000000005
170.9952171875 -3.3100000000000005
257.49277578125 -3.3100000000000005
387.239113671875 -3.3100000000000005
581.8586205078125 -3.3100000000000005
1000 -3.3100000000000005
0.0001 -2.1
1.0001 -2.1
2.5000999999999998 -2.1
4.7501 -2.1
8.1251 -2.1
13.1876 -2.1
20.78135 -2.1
32.171975 -2.1
49.2579125 -2.1
74.88681875 -2.1
113.330178125 -2.1
170.9952171875 -2.1
257.49277578125 -2.1
387.239113671875 -2.1
581.8586205078125 -2.1
1000 -2.1
0.0001 -1
1.0001 -1
2.5000999999999998 -1
4.7501 -1
8.1251 -1
13.1876 -1
20.78135 -1
32.171975 -1
49.2579125 -1
74.88681875 -1
113.330178125 -1
170.9952171875 -1
257.49277578125 -1
387.239113671875 -1
581.8586205078125 -1
1000 -1
0.0001 0
1.0001 0
2.5000999999999998 0
4.7501 0
8.1251 0
13.1876 0
20.78135 0
32.171975 0
49.2579125 0
74.88681875 0
113.330178125 0
170.9952171875 0
257.49277578125 0
387.239113671875 0
581.8586205078125 0
1000 0
