63
0 1 0
1 2 0
2 3 0
3 4 0
4 5 0
5 6 0
6 7 0
7 8 0
8 9 0
9 10 0
10 11 0
11 12 0
12 13 0
13 14 0
14 15 0
15 31 0
31 47 0
47 63 0
63 79 0
79 95 0
95 111 0
111 127 0
127 143 0
143 159 0
159 175 0
175 191 0
191 207 0
207 223 0
223 239 0
239 255 0
255 271 0
271 287 0
287 303 0
303 319 0
319 335 0
335 351 0
351 367 0
367 383 0
383 399 0
399 415 0
415 431 0
431 447 0
447 463 0
463 479 0
479 495 0
495 511 0
511 527 0
527 543 0
543 559 0
559 575 0
575 591 0
591 607 0
607 623 0
623 639 0
639 655 0
655 671 0
671 687 0
687 703 0
703 719 0
719 735 0
735 751 0
751 767 0
767 783 0
