63
768 769 0 0
769 770 0 0
770 771 0 0
771 772 0 0
772 773 0 0
773 774 0 0
774 775 0 0
775 776 0 0
776 777 0 0
777 778 0 0
778 779 0 0
779 780 0 0
780 781 0 0
781 782 0 0
782 783 0 0
0 16 0 0
16 32 0 0
32 48 0 0
48 64 0 0
64 80 0 0
80 96 0 0
96 112 0 0
112 128 0 0
128 144 0 0
144 160 0 0
160 176 0 0
176 192 0 0
192 208 0 0
208 224 0 0
224 240 0 0
240 256 0 0
256 272 0 0
272 288 0 0
288 304 0 0
304 320 0 0
320 336 0 0
336 352 0 0
352 368 0 0
368 384 0 0
384 400 0 0
400 416 0 0
416 432 0 0
432 448 0 0
448 464 0 0
464 480 0 0
480 496 0 0
496 512 0 0
512 528 0 0
528 544 0 0
544 560 0 0
560 576 0 0
576 592 0 0
592 608 0 0
608 624 0 0
624 640 0 0
640 656 0 0
656 672 0 0
672 688 0 0
688 704 0 0
704 720 0 0
720 736 0 0
736 752 0 0
752 768 0 0
